S0:
I:87341 9   65 28 7  2 7 3   54    21 2 8  749 69  8    48    5  7   316 9 1   98 7
O:873415962165928374924763185547396218238157496691284753489672531752831649316549827

S1:
I:4  6 8   91  328 6 83 1   2  28        1  3 55 8 74           8      2   7  964 3
O:427658139915432876683917542132865794764129385598374621256743918349581267871296453

S2:
I:  49 3    9 5    7 3             93541    7  8     4       4  2    7  5 6 2 1    
O:724963518196528347538147269267481935413259786859736421385694172941872653672315894

S4:
I:4     7   9 1       3  96 8  2    1 6  5  8 2     8 7   6  19 3       2 5   4    
O:465823791798165234123479658872634519631597842954218376246751983317986425589342167